1000 1.447265038488802
2000 1.5362439925861022
3000 1.8881406271034855
4000 1.6199078163870684
5000 1.620239114751806
6000 1.3585153624916484
7000 1.4659214631425104
8000 1.749774320081713
9000 1.8264651320414096
10000 1.8561919926598693
11000 1.9710442657610898
12000 1.8220532377792984
13000 1.7938375082616829
14000 2.238727150750459
15000 1.7355837353697645
16000 1.7348707982836753
17000 2.0249357946171007
18000 2.086771261214787
19000 1.861285515226682
20000 1.9479894385811771
21000 1.845253932488766
22000 1.9006956849120857
23000 2.0448292088028905
24000 1.773597219951873
25000 1.893407234189787
26000 1.9480100768892492
27000 2.1814433455080993
28000 1.9158014723308825
29000 1.7137297558226812
30000 1.7641173477833612
31000 1.8269088895065433
32000 1.9451526156409416
33000 1.8992710265620656
34000 1.9024523930663313
35000 1.906535504139231
36000 2.033039936973868
37000 1.9817577290939468
38000 1.8579712370825614
39000 1.708178179136619
40000 1.920282150328927
41000 1.8348792984895859
42000 2.082716477321787
43000 1.9045287677822036
44000 1.986338882433064
45000 1.95252480815886
46000 2.0655337904486544
47000 1.9404011288896517
48000 1.8884014619363811
49000 1.920134019727192
50000 1.9506537697339925
51000 2.042699899123161
52000 1.9066383495137456
53000 1.7924739601447084
54000 2.020718932677446
55000 1.9071798641584
56000 2.038893182678563
57000 1.8188475166896854
58000 1.9853619425005948
59000 1.9539449206375488
60000 1.816617224046849
61000 1.7911144472258722
62000 1.8740249621879443
63000 1.8970027069920607
64000 1.8187909280531518
65000 1.900082031459282
66000 1.9556436558654755
67000 1.8196462438431975
68000 1.7811073168441194
69000 1.9164314556976876
70000 1.8825424049204238
71000 1.808937239352007
72000 1.8108706011678557
73000 1.87566296107846
74000 1.8589397091226978
75000 1.831847648848171
76000 1.900560369954659
77000 1.8549070329945212
78000 1.7920246335521886
79000 1.798243808448785
80000 1.7515129580403628
81000 1.8167984907554815
82000 1.8795748052649723
83000 1.8928159440078887
84000 1.8110153337776818
85000 1.7448484837837328
86000 1.8438878474639675
87000 1.9255824110396496
88000 1.7980871581964823
89000 1.8122288496895471
90000 1.8556970806302133
91000 1.7945163474466885
92000 1.8622843429964715
93000 1.8517898092931966
94000 1.8607694450696788
95000 1.7721292378379698
96000 1.850190867902419
97000 1.7944342537143079
98000 1.7352090904468311
99000 1.837940511840312
100000 1.834876638038023
101000 1.7902977391774066
102000 1.871326866502266
103000 1.8167571199640975
104000 1.8119488541481759
105000 1.7666386853158904
106000 1.7996932589550945
107000 1.7452717020333366
108000 1.6745449330926583
109000 1.8268629236356428
110000 1.805128217369321
111000 1.7978827078846726
112000 1.7322603516614528
113000 1.8092154795181243
114000 1.7824435227443503
115000 1.731954286702932
116000 1.7698078079032922
117000 1.8322616822253728
118000 1.8630096360888206
119000 1.7407644840058474
120000 1.7742474023764903
121000 1.7395094904668558
122000 1.8194063167688224
123000 1.8738448416798619
124000 1.8191436671252155
125000 1.743573423339199
126000 1.7906920374932522
127000 1.8371955985788784
128000 1.752897372090311
129000 1.7979809762747248
130000 1.7902834788803244
131000 1.8645288604913763
132000 1.8123540046552002
133000 1.8619922620599283
134000 1.726271222242539
135000 1.7497033453041027
136000 1.7618892555726358
137000 1.7759983182109316
138000 1.7203853084964809
139000 1.8876789832918668
140000 1.7360508946971673
141000 1.794361100883139
142000 1.7590658306701825
143000 1.7734128734744743
144000 1.8275931731061525
145000 1.7631036303191145
146000 1.7195032588105914
147000 1.7447071329518782
148000 1.7700194339048374
149000 1.7626691532877417
150000 1.707884287338845
151000 1.7492702928031807
152000 1.7869904344559278
153000 1.7856341304939765
154000 1.7674979030618196
155000 1.7827974172297565
156000 1.7969190297414137
