1000 1.95277782725836
2000 2.022147022336859
3000 2.3256491388403893
4000 2.6177762101240165
5000 2.648046775138766
6000 2.860078588719212
7000 3.079081717054156
8000 3.1953584931950223
9000 3.176276404564077
10000 3.4184002742694455
11000 3.4939065603862964
12000 3.535904222022956
13000 3.5697949275159573
14000 3.8809774399771975
15000 3.8926293894297856
16000 3.7902579540545815
17000 4.0125156276916645
18000 3.96498910061486
19000 4.043143934367058
20000 4.205475222086091
21000 4.3960073338264305
22000 4.110568434636561
23000 4.254926054710421
24000 4.178731411433453
25000 4.195591522122629
26000 4.17670622665738
27000 4.32793428628071
28000 4.333702646661708
29000 4.269998064894542
30000 4.285999834203619
31000 4.371500787177357
32000 4.319964801394346
33000 4.380661176151381
34000 4.374048297924134
35000 4.343977267074503
36000 4.369974383174013
37000 4.424209550686651
38000 4.581926561447585
39000 4.506058335412671
40000 4.508584836557561
41000 4.4935433477442155
42000 4.572077752747204
43000 4.518170536364954
44000 4.496522304857762
45000 4.619990085874069
46000 4.5319004349998435
47000 4.510296606526052
48000 4.492640425526835
49000 4.584732545369478
50000 4.4736017274870665
51000 4.608155065563535
52000 4.496644257870379
53000 4.571044498696111
54000 4.634942999992167
55000 4.578629863380349
56000 4.703565954020686
57000 4.673379713010024
58000 4.659877075322017
59000 4.628941979414835
60000 4.592309818337624
61000 4.623466901978594
62000 4.624517003810444
63000 4.580440775190711
64000 4.76856414869451
65000 4.733578165345246
66000 4.6894081272586
67000 4.776366132561324
68000 4.735922956963718
69000 4.561455813571156
70000 4.8226137866225836
71000 4.703487696613269
72000 4.713712935383798
73000 4.735662088764845
74000 4.823832954401832
75000 4.805126118730806
76000 4.748505616957063
77000 4.859263598019125
78000 4.783103805113516
